6.68 6.94 58.94 59.76 33.0 36.2 35.9 37.6 31.8 31.2
42.57 43.46 41.51 44.86 35.7 37.2 33.9 34.7 17.1 19.1
15.45 15.96 20.77 29.99 74.6 71.6 50.2 45.4 71.8 65.9
14.65 16.33 45.12 45.02 43.3 48.2 35.4 38.3 41.5 46.8
12.47 11.17 49.20 61.15 43.3 61.5 40.2 55.1 44.4 58.7
2.55 2.71 57.54 57.72 27.8 28.5 26.0 26.9 14.8 15.8
1.38 1.62 45.59 45.74 26.1 27.6 25.7 26.5 9.4 12.1
0.56 0.61 74.74 79.00 53.1 62.8 45.4 51.3 33.5 40.1
14.78 14.16 36.12 40.95 36.9 32.9 36.4 32.9 16.2 14.9
4.81 4.33 44.16 44.59 27.1 25.5 26.7 24.9 9.3 10.3
1.29 1.37 40.14 44.15 29.9 25.7 27.9 24.5 13.9 12.4